0 0 2
0 0 2
60 28 0
0 4 6
60 0 2
60 0 4
36 0 6
60 20 4
44 0 0
56 24 2
52 28 6
60 24 0
52 28 2
60 24 6
36 0 4
48 0 4
60 28 2
60 8 2
60 24 4
60 20 4
60 20 6
60 24 4
60 24 0
60 20 0
60 28 2
60 28 2
60 20 4
8 28 4
60 28 4
60 0 6
0 0 6
60 0 2
0 0 6
60 4 6
56 0 4
60 20 6
60 28 2
48 0 4
60 20 4
60 0 6
60 0 0
60 20 4
60 0 0
60 24 6
60 16 0
36 0 0
8 24 6
60 12 4
8 20 4
60 4 6
8 20 4
60 20 4
60 28 6
60 28 0
60 0 4
44 0 4
60 16 2
48 0 0
4 20 6
0 20 6
0 8 4
60 4 0
60 0 0
56 0 2
60 4 6
60 4 4
60 28 0
8 28 6
4 20 2
48 0 4
8 24 6
4 20 4
4 20 4
60 20 6
60 8 0
40 0 2
8 24 0
4 0 2
8 28 2
0 16 2
60 0 2
8 28 4
0 16 0
8 24 4
0 12 0
12 0 2
44 0 6
56 20 0
44 0 4
60 28 2
60 28 4
56 4 0
60 0 4
8 28 4
60 0 6
60 0 4
60 24 6
60 28 6
60 24 6
60 20 6
60 0 0
60 12 0
60 16 2
60 12 6
60 0 0
60 24 6
32 16 2
60 24 0
60 0 0
60 24 2
60 24 0
0 28 2
12 28 6
60 8 4
60 28 2
0 20 2
8 28 0
60 0 0
36 0 0
60 0 6
60 12 2
60 0 2
60 20 2
12 0 4
60 8 4
60 0 4
60 24 4
60 28 6
60 28 0
8 28 0
60 12 0
4 16 6
4 4 0
8 16 6
32 16 2
60 20 0
60 8 2
16 16 4
8 12 0
60 12 0
60 12 4
60 28 6
60 28 4
36 16 6
60 28 6
60 16 2
60 16 2
32 16 2
28 4 0
60 16 6
60 16 6
60 0 0
60 4 4
48 0 4
60 0 0
40 0 4
48 0 0
60 4 0
4 20 6
0 16 6
0 8 6
56 0 6
60 0 4
60 28 2
48 16 4
40 16 6
60 24 4
16 4 0
60 4 7
12 8 2
60 4 6
60 20 0
24 12 2
60 16 4
60 20 0
24 4 2
52 12 6
52 12 4
60 16 6
60 16 6
16 20 6
60 24 0
8 12 0
24 12 2
60 24 2
52 16 2
4 24 2
52 4 0
60 0 6
60 12 4
56 28 6
8 20 0
60 4 6
60 24 2
60 28 6
60 28 2
60 20 2
8 8 6
60 4 3
60 4 7
12 8 7
12 8 7
60 4 5
60 4 4
8 8 4
44 16 2
60 8 2
16 20 0
60 24 2
60 24 2
16 24 0
8 8 6
60 8 4
60 4 5
60 4 1
8 8 4
60 4 0
60 20 0
60 4 0
4 4 6
60 8 0
60 12 0
12 0 2
60 28 2
60 0 0
0 0 4
60 28 0
12 16 6
60 12 2
60 4 5
60 4 0
60 4 3
60 4 0
60 4 4
8 8 0
60 4 2
40 8 4
60 24 2
16 20 2
16 12 4
24 8 6
60 12 4
60 12 4
60 12 4
60 12 4
8 8 1
60 4 1
60 4 7
40 8 2
8 8 4
60 20 0
60 20 0
52 16 2
60 0 0
60 28 6
60 28 0
0 8 4
0 0 4
60 28 0
24 8 4
8 8 2
60 4 3
60 4 3
12 8 1
24 16 2
48 4 4
40 8 6
60 4 2
60 12 6
24 12 0
60 20 2
52 12 2
52 12 2
24 12 6
60 20 2
16 24 2
60 12 2
60 4 4
60 8 0
60 8 4
60 12 6
60 4 2
16 24 4
60 8 0
32 16 0
60 24 0
60 8 0
60 8 4
0 8 4
0 24 4
0 28 2
24 8 4
60 12 6
8 8 0
60 4 5
60 4 4
60 12 2
60 8 6
12 8 4
60 12 6
16 24 4
60 4 4
60 20 0
60 20 0
60 20 0
60 8 4
52 12 6
16 24 2
60 4 6
12 8 0
16 28 4
60 24 2
44 8 5
60 12 1
60 4 0
60 24 2
36 4 6
60 0 0
36 0 0
60 12 6
0 8 4
0 8 0
60 24 4
24 8 4
60 20 6
44 16 2
60 4 2
60 4 3
60 4 5
60 4 1
60 4 0
60 20 6
20 12 6
52 12 4
40 20 4
40 20 4
40 20 6
60 28 0
24 4 4
36 28 0
32 24 6
60 24 3
60 4 0
48 8 5
60 4 2
60 4 2
16 20 2
60 8 6
12 20 4
8 20 4
48 0 0
60 8 4
60 24 6
8 28 4
12 28 0
60 12 0
60 24 6
36 8 0
24 24 3
60 8 0
60 8 0
16 4 4
16 16 0
60 24 4
8 12 6
52 12 4
60 20 4
60 16 2
60 8 0
36 16 2
60 28 0
60 8 0
24 28 0
8 8 6
60 4 7
60 4 7
60 4 5
20 28 0
16 20 6
60 20 0
12 20 4
60 20 6
60 8 0
60 20 0
0 12 2
60 12 6
60 28 2
36 4 2
60 20 6
24 28 0
20 12 2
60 8 2
16 16 4
16 12 0
28 28 0
16 24 6
60 24 0
60 16 4
60 28 4
32 12 0
32 12 4
32 12 6
32 12 4
60 8 6
60 12 4
60 4 2
16 4 4
12 4 4
60 16 6
20 28 6
52 12 0
60 16 0
60 16 4
60 24 4
8 24 6
56 20 6
4 16 4
60 28 0
52 0 0
12 20 0
16 24 0
60 24 4
8 12 2
60 20 0
28 28 0
16 12 0
16 24 0
16 24 4
8 12 6
32 8 2
60 8 2
60 16 2
28 12 6
32 12 6
36 12 0
60 8 2
40 20 4
28 4 0
36 4 0
60 20 0
60 24 4
52 12 2
60 20 4
52 12 2
60 8 0
48 0 2
60 20 4
60 8 4
8 28 0
60 28 6
60 24 0
60 24 4
32 28 6
60 12 2
60 12 0
60 12 0
60 12 0
60 12 0
60 12 4
8 12 6
60 12 4
60 12 6
60 8 2
32 12 0
32 12 6
32 12 2
60 8 6
32 8 6
52 12 4
40 20 0
60 16 6
60 20 2
60 16 4
60 16 6
52 12 6
60 12 0
60 28 0
60 16 2
56 20 2
60 0 0
8 28 2
60 28 0
60 16 6
56 0 0
16 28 0
60 20 4
60 12 2
8 8 4
60 12 4
60 12 4
8 12 6
32 8 2
16 12 0
16 20 2
52 12 6
24 4 0
0 28 0
60 12 4
60 8 0
60 28 2
60 12 2
60 24 4
60 16 6
60 8 2
60 8 2
16 20 6
16 20 4
60 16 4
0 12 6
60 28 6
60 28 2
60 20 2
60 16 6
60 12 0
60 12 4
8 28 2
60 24 4
60 28 4
40 16 0
20 12 4
16 24 2
40 16 2
52 12 6
60 16 0
52 12 2
28 4 4
60 16 2
28 12 6
40 20 6
60 28 4
0 28 4
60 28 0
60 24 2
60 12 4
60 12 0
16 24 0
60 24 0
32 28 0
60 28 6
0 20 0
60 16 0
60 28 4
60 28 0
60 16 4
60 0 4
60 28 6
0 12 6
60 24 4
60 16 0
60 24 4
60 12 4
24 4 4
16 20 2
60 16 4
8 12 2
28 28 4
28 4 6
36 16 0
60 16 4
0 28 4
60 20 0
0 28 6
32 12 4
28 12 4
16 20 0
20 4 4
16 24 4
60 8 6
60 12 4
36 20 4
60 0 4
8 20 2
60 20 6
60 28 6
60 12 0
44 0 0
60 0 6
0 16 2
60 12 2
4 20 6
60 12 2
60 8 6
60 28 0
28 4 2
52 12 0
16 20 0
60 20 4
60 20 6
32 16 0
60 28 0
40 20 6
16 28 6
24 4 6
32 12 0
60 12 2
40 20 0
60 16 0
28 8 4
60 28 0
60 12 2
60 28 6
60 24 6
60 0 6
60 28 4
44 28 0
44 28 6
60 16 6
60 8 4
60 28 2
0 4 6
0 16 0
4 20 0
60 28 2
60 20 4
60 28 0
60 20 0
52 12 6
16 20 6
16 20 0
20 12 2
60 12 4
40 20 0
24 4 2
60 16 2
60 16 0
60 28 2
0 28 4
60 28 0
40 20 2
60 16 0
60 28 4
60 28 4
60 20 6
60 12 0
60 28 6
44 0 2
60 28 2
60 28 0
60 28 4
48 0 6
0 8 4
0 20 0
0 12 6
4 20 2
60 28 4
60 12 4
60 24 0
60 16 0
16 20 0
16 20 0
60 16 4
52 12 0
40 16 2
28 8 6
20 20 0
60 16 0
0 0 6
0 0 6
0 28 2
36 16 0
60 28 6
40 20 4
60 28 4
0 28 0
60 0 6
60 12 6
60 28 4
60 28 6
52 28 0
44 0 2
60 20 4
60 20 6
0 20 0
60 28 4
4 20 4
8 20 4
60 28 4
8 24 0
60 24 0
60 12 4
60 16 0
16 20 4
16 20 4
60 12 6
60 20 0
20 20 0
36 12 4
32 20 6
32 20 0
60 28 6
60 8 4
60 28 6
40 20 2
40 20 4
28 12 6
60 28 4
60 0 2
60 16 0
60 28 6
60 28 0
56 20 0
60 20 4
60 20 4
12 0 0
60 20 6
4 20 4
0 16 4
60 0 6
60 20 0
8 24 0
56 8 4
52 12 6
52 12 0
16 12 6
16 12 2
16 12 0
20 24 4
60 8 0
60 28 2
60 28 6
32 4 0
60 28 4
60 16 6
60 16 6
60 16 2
60 12 2
60 12 0
60 0 6
60 16 4
60 24 4
48 24 0
20 0 2
60 0 4
60 20 4
60 20 0
44 0 4
0 16 2
8 28 0
60 0 6
8 24 4
60 8 4
8 20 0
56 8 4
28 8 6
20 16 0
60 24 0
16 24 6
60 24 0
60 12 0
60 24 4
60 20 0
32 28 2
60 16 0
60 8 2
20 20 4
60 12 6
60 16 2
60 28 0
60 28 2
60 28 0
60 28 4
60 24 4
48 28 4
60 28 6
60 16 4
60 20 6
36 0 2
60 28 6
12 28 4
60 16 0
60 16 6
60 24 6
60 8 2
60 0 2
60 0 2
60 20 2
60 20 6
60 24 4
60 24 2
28 28 4
8 12 4
44 16 2
20 12 4
28 28 2
20 12 4
60 24 2
24 12 0
60 20 6
32 16 6
60 12 6
60 28 0
56 28 4
60 28 4
60 24 4
60 24 0
60 12 0
56 16 0
56 20 4
60 0 4
8 20 0
12 28 4
0 24 2
8 28 6
8 24 4
60 12 4
8 20 0
12 28 0
24 12 4
20 12 6
60 12 2
20 12 6
24 8 2
60 8 2
60 12 0
60 28 4
36 12 0
60 28 0
60 28 0
40 20 6
60 12 6
60 12 0
60 28 6
60 16 4
24 0 6
60 24 2
60 24 0
60 24 6
60 20 0
60 16 2
44 28 4
60 24 6
60 28 2
0 0 0
56 0 4
60 0 6
60 0 4
60 8 2
60 24 0
12 28 0
36 4 2
16 16 0
60 24 4
60 24 0
16 24 4
60 12 4
60 12 0
16 24 6
28 28 4
52 12 4
60 16 6
60 24 0
60 24 0
32 28 2
28 4 6
60 0 6
24 0 6
60 24 0
60 24 2
60 24 6
48 24 4
44 28 0
60 28 6
60 28 6
60 28 6
60 28 4
60 4 4
60 16 6
60 16 4
60 28 0
8 28 2
0 8 0
60 28 6
24 12 6
28 28 6
60 24 2
24 8 6
60 24 6
16 24 4
60 24 6
28 28 4
16 12 6
8 12 0
16 12 6
16 12 0
60 16 4
60 28 6
56 28 4
52 28 4
48 24 0
60 24 0
60 24 0
60 24 0
52 28 0
60 0 6
8 24 0
60 20 6
32 12 2
60 28 4
4 28 0
4 0 2
8 28 6
60 20 4
56 0 0
32 20 2
16 28 0
16 20 0
60 24 4
16 20 0
60 12 6
24 12 6
16 12 2
60 24 4
8 12 6
16 12 2
60 20 2
32 8 0
8 4 4
60 24 0
52 28 4
60 16 4
60 24 6
60 24 2
60 20 4
44 0 6
56 16 4
60 4 6
60 28 0
60 28 4
36 16 4
32 12 2
0 0 0
60 0 2
8 28 0
8 28 2
56 0 0
0 0 6
0 28 4
60 28 0
24 4 4
16 20 2
52 12 2
16 12 0
60 20 6
40 16 0
60 8 0
52 12 0
60 28 6
8 16 2
8 20 2
60 28 4
60 28 4
60 28 6
60 24 4
60 24 0
60 28 6
60 0 2
60 28 0
60 0 2
0 12 6
60 12 0
40 20 6
60 16 4
60 28 4
60 24 0
56 0 4
8 28 0
0 8 0
0 24 4
32 20 4
60 16 0
60 28 0
60 28 0
40 20 4
60 16 0
32 4 4
32 4 4
32 4 4
0 28 6
4 28 6
60 0 6
56 20 4
60 28 0
60 28 6
60 28 0
60 24 6
60 24 6
60 20 4
60 12 2
60 28 2
60 24 0
52 0 6
60 20 0
60 12 0
24 4 0
60 28 4
60 28 4
60 4 6
60 28 2
60 0 2
56 0 0
60 4 0
0 28 4
60 16 0
40 20 4
60 28 6
60 28 0
36 16 4
32 12 0
60 28 2
60 24 6
0 16 0
60 28 4
60 28 2
56 24 0
60 16 4
44 28 4
60 16 2
60 20 4
60 0 6
60 8 2
60 24 0
60 20 2
60 28 2
56 0 6
